[[[[0.8538027411986026,
    0.5084577114427861,
    0.910873440285205,
    0.6526181353767561,
    126.43769309999999],
   [0.9435635581832841,
    0.948849104859335,
    0.661319073083779,
    0.7794117647058825,
    115.20184570000004],
   [0.8177909164203171,
    0.44412607449856734,
    0.8288770053475936,
    0.5783582089552238,
    120.02794360000007],
   [0.8554152109647944,
    0.5114200595829196,
    0.9180035650623886,
    0.6568877551020408,
    111.64628600000003]],
  [[0.8769148078473529,
    0.5575418994413408,
    0.8894830659536542,
    0.6854395604395604,
    103.33557999999994],
   [0.9473259876377318,
    0.9418886198547215,
    0.6934046345811051,
    0.7987679671457906,
    101.57860110000001],
   [0.7973662993818866,
    0.4143744454303461,
    0.8324420677361853,
    0.5533175355450237,
    119.12118259999988],
   [0.8618650900295619,
    0.5236180904522613,
    0.928698752228164,
    0.6696658097686375,
    112.13895079999998]],
  [[0.8559527008868584,
    0.5222816399286988,
    0.5222816399286988,
    0.5222816399286988,
    15.77851499999997],
   [0.8973394248857834,
    0.8623481781376519,
    0.37967914438502676,
    0.5272277227722773,
    13.04802269999982],
   [0.7731792528890084,
    0.34702702702702704,
    0.5721925133689839,
    0.43203230148048455,
    26.359057500000063],
   [0.8027411986025262,
    0.4024802705749718,
    0.6363636363636364,
    0.4930939226519337,
    15.86510700000008]],
  [[0.9209889814565977,
    0.7371225577264654,
    0.7397504456327986,
    0.7384341637010676,
    84.88117009999996],
   [0.9097016930932545,
    0.9518072289156626,
    0.42245989304812837,
    0.5851851851851853,
    84.63470559999996],
   [0.889277076054824,
    0.5978975032851511,
    0.8110516934046346,
    0.6883509833585477,
    96.53422090000004],
   [0.86025262026337,
    0.5239206534422404,
    0.8003565062388592,
    0.6332863187588152,
    86.78683849999993]]],
 [[[0.6753560870733674,
    0.312463768115942,
    0.9607843137254902,
    0.47156605424321957,
    130.23062989999994],
   [0.8355280838484278,
    0.47796024200518583,
    0.9857397504456328,
    0.6437718277066357,
    135.03750859999968],
   [0.6033324375167965,
    0.26858877086494687,
    0.946524064171123,
    0.4184397163120568,
    149.79516020000028],
   [0.8715399086267133,
    0.5577190542420027,
    0.714795008912656,
    0.6265625,
    139.3780302]],
  [[0.7092179521633969,
    0.3346031746031746,
    0.9393939393939394,
    0.49344569288389517,
    112.08689379999987],
   [0.8242407954850847,
    0.4609571788413098,
    0.9786096256684492,
    0.6267123287671234,
    122.74687119999999],
   [0.6022574576726686,
    0.2708229426433915,
    0.9679144385026738,
    0.4232268121590023,
    143.8216739999998],
   [0.861327600107498,
    0.536,
    0.5971479500891266,
    0.5649241146711637,
    161.61825230000022]],
  [[0.6226820747110992,
    0.25789775990809877,
    0.8003565062388592,
    0.39009556907037357,
    31.329329900000175],
   [0.7334049986562752,
    0.33435818601076095,
    0.7754010695187166,
    0.4672395273899033,
    32.893092400000114],
   [0.5657081429723193,
    0.2090457804743519,
    0.6755793226381461,
    0.3192923336141533,
    31.159120699999676],
   [0.7559795753829616,
    0.32020725388601035,
    0.5508021390374331,
    0.40498034076015726,
    38.54315929999984]],
  [[0.7721042730448804,
    0.3793103448275862,
    0.803921568627451,
    0.5154285714285715,
    99.74843469999996],
   [0.7199677506046762,
    0.3300353356890459,
    0.8324420677361853,
    0.4726720647773279,
    100.44263320000027],
   [0.736629938188659,
    0.34829833454018827,
    0.857397504456328,
    0.49536560247167866,
    101.90218509999977],
   [0.9134641225477023,
    0.9345454545454546,
    0.45811051693404636,
    0.6148325358851675,
    108.80498279999983]]],
 [[[0.9097016930932545,
    0.6910016977928692,
    0.7254901960784313,
    0.7078260869565217,
    305.5857341000001],
   [0.8161784466541252,
    0.45028294260307195,
    0.9928698752228164,
    0.6195773081201335,
    311.0985383999996],
   [0.7339424885783391,
    0.350104821802935,
    0.893048128342246,
    0.5030120481927711,
    316.3690799999995],
   [0.8968019349637194,
    0.6083231334149327,
    0.8859180035650623,
    0.7213352685050798,
    329.42838290000054]],
  [[0.9226014512227896,
    0.7450628366247756,
    0.7397504456327986,
    0.7423971377459749,
    186.1826503000002],
   [0.8075786079011018,
    0.43854084060269627,
    0.9857397504456328,
    0.6070252469813392,
    209.3863427999995],
   [0.7065305025530771,
    0.3272608978529603,
    0.8966131907308378,
    0.47950428979980936,
    216.4718501999996],
   [0.8984144047299113,
    0.6174582798459564,
    0.857397504456328,
    0.7179104477611941,
    259.83105369999976]],
  [[0.8731523783929052,
    0.6320474777448071,
    0.37967914438502676,
    0.47438752783964366,
    53.38921539999956],
   [0.8220908357968288,
    0.4417531718569781,
    0.6827094474153298,
    0.5364145658263305,
    54.055283200000304],
   [0.6769685568395593,
    0.26206384558277657,
    0.6292335115864528,
    0.37002096436058707,
    39.41296550000061],
   [0.820478366030637,
    0.4318471337579618,
    0.6042780748663101,
    0.5037147102526004,
    70.25812959999985]],
  [[0.9258263907551734,
    0.8518518518518519,
    0.6149732620320856,
    0.7142857142857143,
    125.96703069999967],
   [0.8349905939263639,
    0.47177848775292863,
    0.7896613190730838,
    0.5906666666666667,
    126.27005599999939],
   [0.8167159365761892,
    0.442654028436019,
    0.8324420677361853,
    0.5779702970297029,
    111.04888990000018],
   [0.8925020155872078,
    0.618208516886931,
    0.750445632798574,
    0.677938808373591,
    139.49382400000013]]]]