[1.6530414819717407, -0.33907559514045715, ... -0.7851051092147827, 0.07420078665018082, 0.2413230538368225]

















 2.6115689277648926,
 0.2947551906108856,
 1.4504592418670654,
 -0.04924469441175461,
 -0.3709430694580078,
 1.8076554536819458,
 0.9304078221321106,
 -0.3546365797519684,
 1.1814790964126587,
 -0.4233786165714264,
 0.6523009538650513,
 2.5056631565093994,
 -1.2855809926986694,
 -0.3469253480434418,
 -0.14459365606307983,
 0.4323810338973999,
 -0.05099127069115639,
 0.14454585313796997,
 -0.37606358528137207,
 0.7865155339241028,
 0.4865807890892029,
 -1.255374789237976,
 0.06779079139232635,
 -0.5030909180641174,
 -0.8320950865745544,
 -1.6104040145874023,
 -0.9711840152740479,
 -1.8172473907470703,
 0.5165275931358337,
 0.7281861901283264,
 -1.0333305597305298,
 -1.2291909456253052,
 -0.6421117186546326,
 -1.4842896461486816,
 -0.18768613040447235,
 0.624369204044342,
 1.073346495628357,
 -1.4603068828582764,
 -0.6665521264076233,
 0.23370657861232758,
 -0.835220456123352,
 1.5001790523529053,
 0.11617590487003326,
 -0.9105766415596008,
 -0.8934697508811951,
 -1.0526667833328247,
 0.703094482421875,
 0.6532727479934692,
 0.9954025149345398,
 -0.7935680150985718,
 0.1025143414735794,
 0.1788206398487091,
 2.5824832916259766,
 0.473094642162323,
 0.41865968704223633,
 -0.05562882497906685,
 -1.7860525846481323,
 1.346189260482788,
 -1.2689719200134277,
 -0.12956030666828156,
 0.524437665939331,
 0.7301987409591675,
 0.6596781611442566,
 0.31275656819343567,
 -1.0430622100830078,
 -0.5765502452850342,
 -1.7989330291748047,
 1.347253441810608,
 0.7515565156936646,
 1.568343162536621,
 -1.4745830297470093,
 -1.2958364486694336,
 -0.46910321712493896,
 0.2974706292152405,
 0.7260481715202332,
 0.4439789652824402,
 0.04166329652070999,
 -1.2972151041030884,
 -0.6909729242324829,
 0.12326651811599731,
 0.9501659274101257,
 0.6813608407974243,
 -0.8285129070281982,
 -0.40770116448402405,
 0.8498963117599487,
 0.29456767439842224,
 0.8303548097610474,
 -0.4148298501968384,
 0.7581132650375366,
 0.8245585560798645,
 1.1016261577606201,
 -0.07681133598089218,
 0.7262469530105591,
 2.3260867595672607,
 0.6414509415626526,
 -0.2026340365409851,
 -0.40943628549575806,
 0.36925309896469116,
 -0.035092126578092575,
 1.9554922580718994,
 -0.8090934157371521,
 -0.6396116018295288,
 -0.4693681299686432,
 0.10200093686580658,
 -0.6059827208518982,
 -0.014914710074663162,
 -0.7351046800613403,
 -1.8485729694366455,
 0.5656042695045471,
 0.5400051474571228,
 1.8040789365768433,
 -1.556033730506897,
 -1.5110292434692383,
 -0.7970910668373108,
 -2.390748977661133,
 1.1373018026351929,
 -1.0926038026809692,
 -0.5451894402503967,
 -0.17022988200187683,
 -0.6762877702713013,
 -0.3204953372478485,
 0.5494264960289001,
 -0.627577543258667,
 -1.8181849718093872,
 1.391135334968567,
 -1.702839970588684,
 -0.8204333782196045,
 2.637777805328369,
 1.5299129486083984,
 1.1610831022262573,
 1.6349806785583496,
 1.1654499769210815,
 1.0447038412094116,
 0.6465955972671509,
 -0.17246121168136597,
 -1.3538389205932617,
 1.2398388385772705,
 -0.36288997530937195,
 -0.1865808516740799,
 0.20523270964622498,
 1.1370090246200562,
 -0.25153595209121704,
 1.3839046955108643,
 1.2712211608886719,
 -1.0762660503387451,
 0.0221589133143425,
 -0.3637159466743469,
 -2.917930841445923,
 -1.0012946128845215,
 1.308340072631836,
 2.4461288452148438,
 1.9116877317428589,
 0.5491705536842346,
 1.0163118839263916,
 0.8493594527244568,
 -1.409615159034729,
 0.29346001148223877,
 -1.9035013914108276,
 0.35398563742637634,
 -1.5437909364700317,
 -0.7557854056358337,
 1.431918978691101,
 0.7961326837539673,
 0.6465309262275696,
 -0.5328953266143799,
 -1.9338630437850952,
 -0.07275663316249847,
 -0.26600632071495056,
 1.983590841293335,
 -1.3043971061706543,
 -0.13440467417240143,
 -0.6651458144187927,
 -0.8162739276885986,
 0.3943259119987488,
 0.0489666685461998,
 0.5671043992042542,
 -0.19720503687858582,
 0.07492117583751678,
 0.1828407496213913,
 -0.6768391728401184,
 0.6713438034057617,
 1.2721604108810425,
 -1.175840139389038,
 0.9418195486068726,
 1.5932886600494385,
 -0.09519471973180771,
 -0.8111905455589294,
 2.8536832332611084,
 -1.6102116107940674,
 2.116777181625366,
 -0.5843915343284607,
 -0.0662640780210495,
 -0.2858448624610901,
 1.1236158609390259,
 -1.1125208139419556,
 0.9105472564697266,
 0.6285517811775208,
 0.7923939228057861,
 0.837865948677063,
 -2.1453804969787598,
 1.4515057802200317,
 -0.6421127319335938,
 0.3048311769962311,
 0.12198718637228012,
 0.9408992528915405,
 1.231475591659546,
 0.349671870470047,
 -1.5487631559371948,
 0.01172558218240738,
 -0.8953544497489929,
 0.5902167558670044,
 1.6111695766448975,
 -0.47688573598861694,
 1.8127820491790771,
 1.1044362783432007,
 -0.6652340888977051,
 0.17668971419334412,
 0.758751392364502,
 -0.32812753319740295,
 1.1786059141159058,
 -0.4542776346206665,
 0.9473023414611816,
 -1.725236415863037,
 -1.8487191200256348,
 0.31198209524154663,
 -1.3471450805664062,
 0.7595908045768738,
 0.6985681653022766,
 -0.3491499722003937,
 0.03569306433200836,
 -1.1006873846054077,
 0.6964415907859802,
 -0.18482571840286255,
 1.353784441947937,
 2.5182158946990967,
 -0.11413760483264923,
 -0.8131862282752991,
 0.4521358013153076,
 -0.22682851552963257,
 -0.2677939832210541,
 0.5590042471885681,
 2.213531732559204,
 1.0626394748687744,
 0.28468555212020874,
 -0.11874550580978394,
 -0.9283825159072876,
 -0.1395443081855774,
 -0.9179240465164185,
 1.0092716217041016,
 0.018997281789779663,
 0.26662153005599976,
 0.09571079164743423,
 -1.6959410905838013,
 -0.22687388956546783,
 -0.944408118724823,
 0.10712156444787979,
 0.2548743188381195,
 -0.23744958639144897,
 -0.4683018624782562,
 0.4024903178215027,
 0.334362655878067,
 1.54075288772583,
 -0.2811393141746521,
 -0.38055965304374695,
 1.621424913406372,
 -0.29229313135147095,
 -0.9680662751197815,
 0.5468063950538635,
 1.3380178213119507,
 0.8877959251403809,
 1.0864448547363281,
 -2.1582295894622803,
 0.18149541318416595,
 -1.1548043489456177,
 0.33111125230789185,
 -0.8956114053726196,
 0.6358729004859924,
 -0.6530574560165405,
 1.6634269952774048,
 -0.32180535793304443,
 -0.936640202999115,
 1.99508798122406,
 -0.015836143866181374,
 -0.25603532791137695,
 0.13817083835601807,
 -1.6797915697097778,
 -0.8376364707946777,
 -0.6041154861450195,
 -0.4020545184612274,
 1.5748883485794067,
 0.011900749057531357,
 -0.33026960492134094,
 0.5663756728172302,
 -0.5569119453430176,
 -1.2852600812911987,
 -0.4654357135295868,
 -0.9170439839363098,
 -0.9648502469062805,
 -1.0689194202423096,
 -1.2757742404937744,
 -0.2653713822364807,
 0.0016214754432439804,
 0.3886203467845917,
 1.029618501663208,
 0.3862457871437073,
 0.188392773270607,
 0.15715065598487854,
 1.0982630252838135,
 -0.1444595754146576,
 0.18558864295482635,
 -0.7136862874031067,
 0.00407805573195219,
 1.1768311262130737,
 0.06593704223632812,
 0.06684162467718124,
 -0.7824885845184326,
 1.306730031967163,
 0.2280188798904419,
 1.357053279876709,
 1.4199178218841553,
 1.4698940515518188,
 -0.9279059767723083,
 -0.7152420878410339,
 0.8241089582443237,
 0.8600525259971619,
 1.454650640487671,
 0.20414981245994568,
 0.18364723026752472,
 0.23946599662303925,
 1.1669907569885254,
 -2.5242133140563965,
 -0.14711910486221313,
 -0.47612348198890686,
 1.2802361249923706,
 -0.8764195442199707,
 -0.4508180320262909,
 0.7945036888122559,
 -0.5767143964767456,
 -0.13721445202827454,
 0.5843591094017029,
 -1.1478643417358398,
 -0.08387937396764755,
 -0.8696312308311462,
 -0.44410964846611023,
 1.3024380207061768,
 0.09215004742145538,
 0.26142391562461853,
 -0.5162075161933899,
 1.4904693365097046,
 0.7916048765182495,
 0.08063509315252304,
 -0.8274193406105042,
 -0.270314484834671,
 0.2741006016731262,
 0.6031001210212708,
 -0.9728853702545166,
 0.28620216250419617,
 -0.03478192165493965,
 -0.29991409182548523,
 -1.3827407360076904,
 0.04487716406583786,
 0.9691045880317688,
 1.9554080963134766,
 1.3466135263442993,
 1.4297410249710083,
 -1.3940832614898682,
 2.3530187606811523,
 -0.05900800600647926,
 0.915278971195221,
 -2.447444200515747,
 1.5275342464447021,
 -0.6956178545951843,
 -0.16983187198638916,
 0.8711324334144592,
 -1.3362526893615723,
 -0.10318762063980103,
 1.4167581796646118,
 -0.2507362365722656,
 0.2312224954366684,
 0.8807040452957153,
 -0.4348384737968445,
 -1.2779638767242432,
 1.2036194801330566,
 -0.8837404251098633,
 -0.4678681790828705,
 -0.8977193832397461,
 0.48728305101394653,
 0.42451953887939453,
 -1.340485692024231,
 -1.0761462450027466,
 0.42539364099502563,
 0.7470033168792725,
 0.6177037358283997,
 -0.040561169385910034,
 -0.8424831628799438,
 -0.2240762710571289,
 -0.27112001180648804,
 -0.14421729743480682,
 0.04023871570825577,
 1.1830300092697144,
 -0.8783985376358032,
 1.1192678213119507,
 -0.35703015327453613,
 -1.370642900466919,
 -0.04989984631538391,
 0.6026294827461243,
 0.08191841840744019,
 0.17248283326625824,
 -2.2307798862457275,
 1.7186810970306396,
 0.32415837049484253,
 -0.004379947204142809,
 1.2154697179794312,
 0.10382840037345886,
 -0.022180404514074326,
 -0.9977542161941528,
 -1.0669811964035034,
 1.334890604019165,
 -2.126067638397217,
 -1.3228596448898315,
 0.09734514355659485,
 1.9116885662078857,
 -0.9734610319137573,
 -0.3538611829280853,
 -0.37010934948921204,
 -1.4960546493530273,
 -1.1186391115188599,
 -1.066228985786438,
 0.7138059735298157,
 -0.9080976247787476,
 0.6767003536224365,
 0.3078342080116272,
 1.980258584022522,
 -1.0049713850021362,
 0.2688957452774048,
 -1.2752829790115356,
 -1.2823073863983154,
 0.08469389379024506,
 -0.41868898272514343,
 -0.5632745027542114,
 -1.484561800956726,
 0.36004638671875,
 0.9858671426773071,
 0.17817184329032898,
 -0.036361612379550934,
 -0.21575166285037994,
 0.164859339594841,
 1.544847011566162,
 0.6960201263427734,
 0.518173336982727,
 0.38581031560897827,
 0.8742706179618835,
 0.08720161020755768,
 -0.8115197420120239,
 -0.29542276263237,
 0.3632884621620178,
 -1.6426126956939697,
 0.9754467010498047,
 0.9113490581512451,
 0.5637301802635193,
 -1.0582740306854248,
 1.3932249546051025,
 -0.35245609283447266,
 -0.8835281729698181,
 0.8606911897659302,
 0.5176371932029724,
 -1.2503076791763306,
 1.2866263389587402,
 1.1083682775497437,
 0.8055970668792725,
 1.1863760948181152,
 -0.4070567190647125,
 0.2382279634475708,
 0.269061416387558,
 -1.2595467567443848,
 -0.3247534930706024,
 1.5023642778396606,
 0.7950809001922607,
 -1.6813840866088867,
 -0.9583932757377625,
 -1.4333289861679077,
 -0.9523890018463135,
 0.34449440240859985,
 0.8510515689849854,
 -0.3562246263027191,
 -0.03838295862078667,
 0.626623809337616,
 0.6290908455848694,
 -0.4077075123786926,
 0.8599406480789185,
 0.48496004939079285,
 -1.1114293336868286,
 -0.27840709686279297,
 -0.5966524481773376,
